1  16  1    2.40   2.55    6     21.80   23.03   22.41
1  15  2    2.55   2.70    6     23.03   24.23   23.63
1  14  3    2.70   2.85    6     24.23   25.41   24.82
1  13  4    2.85   3.00    6     25.41   26.57   25.99
1  12  5    3.00   3.15    6     26.57   27.70   27.13
1  11  6    3.15   3.30    6     27.70   28.81   28.26
1  10  7    3.30   3.45    6     28.81   29.90   29.35
1  9   8    3.45   3.60    6     29.90   30.96   30.54
1  8   9    3.60   3.76    6     30.96   32.01   31.48
1  7   10   3.75   3.90    6     32.01   33.02   32.51
1  6   11   3.90   4.05    6     33.02   34.02   33.52
1  5   12   4.05   4.20    6     34.02   34.99   34.51
1  4   13   4.20   4.35    6     34.99   35.94   35.47
1  3   14   4.35   4.50    6     35.94   36.87   36.41
1  2   15   4.50   4.64    6     36.87   37.78   37.72
1  1   16   4.65   4.80    6     37.78   38.77   38.22
1  17  1    2.40   2.55    6     21.80   23.03   22.41
1  18  2    2.55   2.70    6     23.03   24.23   23.63
1  19  3    2.70   2.85    6     24.23   25.41   24.82
1  20  4    2.85   3.00    6     24.23   25.41   25.99
1  21  5    3.00   3.15    6     26.57   27.70   27.13
1  22  6    3.15   3.30    6     27.70   28.81   28.26
1  23  7    3.30   3.45    6     28.81   29.90   29.35
1  24  8    3.45   3.60    6     29.90   30.96   30.54
1  25  9    3.60   3.76    6     30.96   32.01   31.48
1  26  10   3.75   3.90    6     30.96   32.01   32.51
1  27  11   3.90   4.05    6     33.02   34.02   33.52
1  28  12   4.05   4.20    6     34.02   34.99   34.51
1  29  13   4.20   4.35    6     34.99   35.94   35.47
1  30  14   4.35   4.50    6     35.94   36.87   36.41
1  31  15   4.50   4.64    6     36.87   37.78   37.72
1  32  16   4.65   4.80    6     37.78   38.77   38.22
3  1   1    1.1    1.2     9.3   173.25  172.65  172.95
3  2   2    1.2    1.3     9.3   172.65  172.04  172.35
3  3   3    1.3    1.4     9.3   172.04  171.44  171.74
3  4   4    1.4    1.5     9.3   171.44  170.84  171.14
3  5   5    1.5    1.6     9.3   170.84  170.24  170.54
3  6   6    1.6    1.7     9.3   170.24  169.64  169.94
3  7   7    1.7    1.9     9.3   169.64  168.04  169.34
3  8   8    1.8    1.9     9.3   168.04  168.45  168.75
3  9   9    1.8    1.9     9.3   168.45  167.86  168.16
3  10  10   1.8    1.9     9.3   167.86  167.28  167.47
3  11  11   1.8    1.9     9.3   167.28  166.69  166.98
3  12  12   1.8    1.9     9.3   166.69  166.11  166.40
3  13  13   1.8    1.9     9.3   166.11  165.53  165.82
3  14  14   1.8    1.9     9.3   165.53  164.95  165.24
3  15  15   1.8    1.9     9.3   164.95  164.38  164.67
3  16  16   1.8    1.9     9.3   164.38  163.81  164.10
3  17  17   1.8    1.9     9.3   163.81  163.24  163.53
3  18  18   1.8    1.9     9.3   163.24  162.68  162.96
3  19  19   1.8    1.9     9.3   162.68  162.12  162.40
3  20  20   1.8    1.9     9.3   162.12  161.57  161.84
3  21  21   1.8    1.9     9.3   161.57  161.01  161.29
3  22  22   1.8    1.9     9.3   161.01  160.46  160.74
3  23  23   1.8    1.9     9.3   160.46  159.92  160.19
3  24  24   1.8    1.9     9.3   159.92  159.38  159.65
